Stad,År,Befolkning
Alingsås,1800,851
Alingsås,1810,862
Alingsås,1820,950
Alingsås,1830,1210
Alingsås,1840,1267
Alingsås,1850,1388
Alingsås,1860,1616
Alingsås,1870,1954
Alingsås,1880,2460
Alingsås,1890,2712
Alingsås,1900,3301
Alingsås,1910,5005
Alingsås,1920,6245
Alingsås,1930,8866
Alingsås,1940,10294
Alingsås,1950,12756
Alingsås,1960,17546
Alingsås,1965,19281
Alingsås,1967,19754
Arboga,1800,1425
Arboga,1810,1412
Arboga,1820,1582
Arboga,1830,1768
Arboga,1840,2013
Arboga,1850,2233
Arboga,1860,2882
Arboga,1870,3318
Arboga,1880,3833
Arboga,1890,4576
Arboga,1900,5254
Arboga,1910,5173
Arboga,1920,5086
Arboga,1930,4774
Arboga,1940,5210
Arboga,1950,9458
Arboga,1960,11080
Arboga,1965,12042
Arboga,1967,12286
Arvika,1800,NA
Arvika,1810,NA
Arvika,1820,NA
Arvika,1830,NA
Arvika,1840,NA
Arvika,1850,NA
Arvika,1860,NA
Arvika,1870,NA
Arvika,1880,NA
Arvika,1890,NA
Arvika,1900,NA
Arvika,1910,NA
Arvika,1920,5343
Arvika,1930,7981
Arvika,1940,8953
Arvika,1950,15173
Arvika,1960,15778
Arvika,1965,15983
Arvika,1967,15956
Askersund,1800,693
Askersund,1810,768
Askersund,1820,757
Askersund,1830,787
Askersund,1840,960
Askersund,1850,1047
Askersund,1860,1217
Askersund,1870,1433
Askersund,1880,1625
Askersund,1890,1508
Askersund,1900,1784
Askersund,1910,2000
Askersund,1920,2057
Askersund,1930,2102
Askersund,1940,2152
Askersund,1950,2306
Askersund,1960,4268
Askersund,1965,3886
Askersund,1967,3867
Avesta,1800,NA
Avesta,1810,NA
Avesta,1820,NA
Avesta,1830,NA
Avesta,1840,NA
Avesta,1850,NA
Avesta,1860,NA
Avesta,1870,NA
Avesta,1880,NA
Avesta,1890,NA
Avesta,1900,NA
Avesta,1910,NA
Avesta,1920,5532
Avesta,1930,5166
Avesta,1940,6088
Avesta,1950,8103
Avesta,1960,10880
Avesta,1965,10610
Avesta,1967,29082
Boden,1800,NA
Boden,1810,NA
Boden,1820,NA
Boden,1830,NA
Boden,1840,NA
Boden,1850,NA
Boden,1860,NA
Boden,1870,NA
Boden,1880,NA
Boden,1890,NA
Boden,1900,NA
Boden,1910,NA
Boden,1920,6220
Boden,1930,6517
Boden,1940,7724
Boden,1950,11362
Boden,1960,13719
Boden,1965,14354
Boden,1967,24899
Bollnäs,1800,NA
Bollnäs,1810,NA
Bollnäs,1820,NA
Bollnäs,1830,NA
Bollnäs,1840,NA
Bollnäs,1850,NA
Bollnäs,1860,NA
Bollnäs,1870,NA
Bollnäs,1880,NA
Bollnäs,1890,NA
Bollnäs,1900,NA
Bollnäs,1910,NA
Bollnäs,1920,NA
Bollnäs,1930,NA
Bollnäs,1940,NA
Bollnäs,1950,5317
Bollnäs,1960,16711
Bollnäs,1965,16773
Bollnäs,1967,17093
Borgholm,1800,NA
Borgholm,1810,NA
Borgholm,1820,109
Borgholm,1830,288
Borgholm,1840,481
Borgholm,1850,545
Borgholm,1860,658
Borgholm,1870,817
Borgholm,1880,906
Borgholm,1890,840
Borgholm,1900,926
Borgholm,1910,1151
Borgholm,1920,1269
Borgholm,1930,1981
Borgholm,1940,2036
Borgholm,1950,2314
Borgholm,1960,2489
Borgholm,1965,2443
Borgholm,1967,2445
Borlänge,1800,NA
Borlänge,1810,NA
Borlänge,1820,NA
Borlänge,1830,NA
Borlänge,1840,NA
Borlänge,1850,NA
Borlänge,1860,NA
Borlänge,1870,NA
Borlänge,1880,NA
Borlänge,1890,NA
Borlänge,1900,NA
Borlänge,1910,NA
Borlänge,1920,NA
Borlänge,1930,NA
Borlänge,1940,NA
Borlänge,1950,21664
Borlänge,1960,26685
Borlänge,1965,28094
Borlänge,1967,29060
Borås,1800,1774
Borås,1810,1750
Borås,1820,2053
Borås,1830,2194
Borås,1840,2378
Borås,1850,2733
Borås,1860,2988
Borås,1870,3251
Borås,1880,4723
Borås,1890,8106
Borås,1900,15837
Borås,1910,21541
Borås,1920,28226
Borås,1930,38235
Borås,1940,48324
Borås,1950,58019
Borås,1960,67069
Borås,1965,69528
Borås,1967,70144
Djursholm,1800,NA
Djursholm,1810,NA
Djursholm,1820,NA
Djursholm,1830,NA
Djursholm,1840,NA
Djursholm,1850,NA
Djursholm,1860,NA
Djursholm,1870,NA
Djursholm,1880,NA
Djursholm,1890,NA
Djursholm,1900,NA
Djursholm,1910,NA
Djursholm,1920,4746
Djursholm,1930,6221
Djursholm,1940,6139
Djursholm,1950,7362
Djursholm,1960,7386
Djursholm,1965,7681
Djursholm,1967,12630
Eksjö,1800,1013
Eksjö,1810,1150
Eksjö,1820,1222
Eksjö,1830,1445
Eksjö,1840,1700
Eksjö,1850,1866
Eksjö,1860,1912
Eksjö,1870,2304
Eksjö,1880,2854
Eksjö,1890,3218
Eksjö,1900,3814
Eksjö,1910,5451
Eksjö,1920,5908
Eksjö,1930,6616
Eksjö,1940,7304
Eksjö,1950,9755
Eksjö,1960,10122
Eksjö,1965,9877
Eksjö,1967,9887
Enköping,1800,1139
Enköping,1810,1112
Enköping,1820,1189
Enköping,1830,1206
Enköping,1840,1309
Enköping,1850,1413
Enköping,1860,1553
Enköping,1870,1885
Enköping,1880,2545
Enköping,1890,3289
Enköping,1900,4201
Enköping,1910,5137
Enköping,1920,5938
Enköping,1930,5895
Enköping,1940,6403
Enköping,1950,10191
Enköping,1960,13233
Enköping,1965,16125
Enköping,1967,17785
Eskilstuna,1800,1341
Eskilstuna,1810,1855
Eskilstuna,1820,2010
Eskilstuna,1830,2679
Eskilstuna,1840,3260
Eskilstuna,1850,3961
Eskilstuna,1860,4628
Eskilstuna,1870,5716
Eskilstuna,1880,8161
Eskilstuna,1890,10909
Eskilstuna,1900,13663
Eskilstuna,1910,28364
Eskilstuna,1920,30253
Eskilstuna,1930,32674
Eskilstuna,1940,40725
Eskilstuna,1950,53363
Eskilstuna,1960,59072
Eskilstuna,1965,63790
Eskilstuna,1967,65605
Eslöv,1800,NA
Eslöv,1810,NA
Eslöv,1820,NA
Eslöv,1830,NA
Eslöv,1840,NA
Eslöv,1850,NA
Eslöv,1860,NA
Eslöv,1870,NA
Eslöv,1880,NA
Eslöv,1890,NA
Eslöv,1900,NA
Eslöv,1910,NA
Eslöv,1920,5964
Eslöv,1930,6035
Eslöv,1940,6392
Eslöv,1950,7138
Eslöv,1960,9674
Eslöv,1965,11387
Eslöv,1967,14771
Fagersta,1800,NA
Fagersta,1810,NA
Fagersta,1820,NA
Fagersta,1830,NA
Fagersta,1840,NA
Fagersta,1850,NA
Fagersta,1860,NA
Fagersta,1870,NA
Fagersta,1880,NA
Fagersta,1890,NA
Fagersta,1900,NA
Fagersta,1910,NA
Fagersta,1920,NA
Fagersta,1930,NA
Fagersta,1940,NA
Fagersta,1950,13062
Fagersta,1960,15527
Fagersta,1965,15992
Fagersta,1967,16661
Falkenberg,1800,668
Falkenberg,1810,636
Falkenberg,1820,663
Falkenberg,1830,792
Falkenberg,1840,862
Falkenberg,1850,953
Falkenberg,1860,1131
Falkenberg,1870,1364
Falkenberg,1880,1600
Falkenberg,1890,1760
Falkenberg,1900,2537
Falkenberg,1910,4452
Falkenberg,1920,4985
Falkenberg,1930,5604
Falkenberg,1940,6640
Falkenberg,1950,8446
Falkenberg,1960,11014
Falkenberg,1965,12502
Falkenberg,1967,12927
Falköping,1800,451
Falköping,1810,461
Falköping,1820,477
Falköping,1830,502
Falköping,1840,586
Falköping,1850,693
Falköping,1860,1191
Falköping,1870,1705
Falköping,1880,2575
Falköping,1890,2799
Falköping,1900,3134
Falköping,1910,4800
Falköping,1920,6236
Falköping,1930,6733
Falköping,1940,9063
Falköping,1950,11244
Falköping,1960,14421
Falköping,1965,15888
Falköping,1967,16062
Falun,1800,4791
Falun,1810,4266
Falun,1820,4020
Falun,1830,4060
Falun,1840,4161
Falun,1850,4463
Falun,1860,4970
Falun,1870,6203
Falun,1880,7305
Falun,1890,8010
Falun,1900,9606
Falun,1910,11582
Falun,1920,12726
Falun,1930,13369
Falun,1940,14419
Falun,1950,16852
Falun,1960,18813
Falun,1965,18625
Falun,1967,33704
Filipstad,1800,NA
Filipstad,1810,NA
Filipstad,1820,NA
Filipstad,1830,NA
Filipstad,1840,1106
Filipstad,1850,1283
Filipstad,1860,1784
Filipstad,1870,2211
Filipstad,1880,2937
Filipstad,1890,3209
Filipstad,1900,3533
Filipstad,1910,4420
Filipstad,1920,4725
Filipstad,1930,4632
Filipstad,1940,5034
Filipstad,1950,6557
Filipstad,1960,7513
Filipstad,1965,7578
Filipstad,1967,7605
Flen,1800,NA
Flen,1810,NA
Flen,1820,NA
Flen,1830,NA
Flen,1840,NA
Flen,1850,NA
Flen,1860,NA
Flen,1870,NA
Flen,1880,NA
Flen,1890,NA
Flen,1900,NA
Flen,1910,NA
Flen,1920,NA
Flen,1930,NA
Flen,1940,NA
Flen,1950,4594
Flen,1960,5681
Flen,1965,9092
Flen,1967,9148
Gränna,1800,468
Gränna,1810,503
Gränna,1820,552
Gränna,1830,627
Gränna,1840,735
Gränna,1850,902
Gränna,1860,1174
Gränna,1870,1272
Gränna,1880,1390
Gränna,1890,1169
Gränna,1900,1194
Gränna,1910,1177
Gränna,1920,1150
Gränna,1930,1240
Gränna,1940,1294
Gränna,1950,1461
Gränna,1960,3193
Gränna,1965,3127
Gränna,1967,3202
Gävle,1800,5410
Gävle,1810,5558
Gävle,1820,7027
Gävle,1830,7772
Gävle,1840,8137
Gävle,1850,9261
Gävle,1860,10975
Gävle,1870,13822
Gävle,1880,18758
Gävle,1890,23484
Gävle,1900,29522
Gävle,1910,35202
Gävle,1920,37761
Gävle,1930,38857
Gävle,1940,39697
Gävle,1950,46919
Gävle,1960,54768
Gävle,1965,59982
Gävle,1967,60990
Göteborg,1800,12804
Göteborg,1810,14346
Göteborg,1820,16519
Göteborg,1830,21036
Göteborg,1840,21558
Göteborg,1850,26084
Göteborg,1860,37043
Göteborg,1870,56288
Göteborg,1880,76401
Göteborg,1890,104657
Göteborg,1900,130619
Göteborg,1910,167809
Göteborg,1920,202328
Göteborg,1930,243414
Göteborg,1940,281287
Göteborg,1950,353580
Göteborg,1960,404738
Göteborg,1965,421809
Göteborg,1967,445408
Hagfors,1800,NA
Hagfors,1810,NA
Hagfors,1820,NA
Hagfors,1830,NA
Hagfors,1840,NA
Hagfors,1850,NA
Hagfors,1860,NA
Hagfors,1870,NA
Hagfors,1880,NA
Hagfors,1890,NA
Hagfors,1900,NA
Hagfors,1910,NA
Hagfors,1920,NA
Hagfors,1930,NA
Hagfors,1940,NA
Hagfors,1950,6505
Hagfors,1960,8450
Hagfors,1965,8908
Hagfors,1967,8975
Halmstad,1800,1317
Halmstad,1810,1134
Halmstad,1820,1611
Halmstad,1830,1887
Halmstad,1840,2257
Halmstad,1850,2761
Halmstad,1860,3945
Halmstad,1870,5738
Halmstad,1880,8505
Halmstad,1890,11825
Halmstad,1900,15362
Halmstad,1910,18342
Halmstad,1920,18409
Halmstad,1930,23866
Halmstad,1940,27939
Halmstad,1950,35219
Halmstad,1960,39032
Halmstad,1965,41067
Halmstad,1967,46548
Haparanda,1800,NA
Haparanda,1810,NA
Haparanda,1820,NA
Haparanda,1830,NA
Haparanda,1840,NA
Haparanda,1850,554
Haparanda,1860,737
Haparanda,1870,942
Haparanda,1880,1039
Haparanda,1890,1252
Haparanda,1900,1568
Haparanda,1910,1423
Haparanda,1920,2780
Haparanda,1930,2519
Haparanda,1940,2690
Haparanda,1950,2955
Haparanda,1960,3394
Haparanda,1965,3966
Haparanda,1967,9439
Hedemora,1800,727
Hedemora,1810,699
Hedemora,1820,875
Hedemora,1830,937
Hedemora,1840,1007
Hedemora,1850,1044
Hedemora,1860,1137
Hedemora,1870,1137
Hedemora,1880,1377
Hedemora,1890,1586
Hedemora,1900,1794
Hedemora,1910,2709
Hedemora,1920,3226
Hedemora,1930,3801
Hedemora,1940,4342
Hedemora,1950,5058
Hedemora,1960,6034
Hedemora,1965,6429
Hedemora,1967,17747
Hjo,1800,415
Hjo,1810,405
Hjo,1820,502
Hjo,1830,544
Hjo,1840,615
Hjo,1850,816
Hjo,1860,1164
Hjo,1870,1261
Hjo,1880,1446
Hjo,1890,1445
Hjo,1900,1668
Hjo,1910,2268
Hjo,1920,2538
Hjo,1930,2758
Hjo,1940,2984
Hjo,1950,3436
Hjo,1960,4607
Hjo,1965,4661
Hjo,1967,4773
Hudiksvall,1800,1369
Hudiksvall,1810,1429
Hudiksvall,1820,1630
Hudiksvall,1830,1773
Hudiksvall,1840,1926
Hudiksvall,1850,2016
Hudiksvall,1860,2656
Hudiksvall,1870,3241
Hudiksvall,1880,4464
Hudiksvall,1890,4804
Hudiksvall,1900,4902
Hudiksvall,1910,7734
Hudiksvall,1920,7564
Hudiksvall,1930,7321
Hudiksvall,1940,7352
Hudiksvall,1950,8756
Hudiksvall,1960,11979
Hudiksvall,1965,15798
Hudiksvall,1967,16043
Huskvarna,1800,NA
Huskvarna,1810,NA
Huskvarna,1820,NA
Huskvarna,1830,NA
Huskvarna,1840,NA
Huskvarna,1850,NA
Huskvarna,1860,NA
Huskvarna,1870,NA
Huskvarna,1880,NA
Huskvarna,1890,NA
Huskvarna,1900,NA
Huskvarna,1910,NA
Huskvarna,1920,7986
Huskvarna,1930,8157
Huskvarna,1940,9325
Huskvarna,1950,12569
Huskvarna,1960,13763
Huskvarna,1965,14165
Huskvarna,1967,18254
Hälsingborg,1800,1741
Hälsingborg,1810,2087
Hälsingborg,1820,2391
Hälsingborg,1830,2990
Hälsingborg,1840,3211
Hälsingborg,1850,4140
Hälsingborg,1860,5333
Hälsingborg,1870,7941
Hälsingborg,1880,11550
Hälsingborg,1890,20410
Hälsingborg,1900,24670
Hälsingborg,1910,33347
Hälsingborg,1920,47069
Hälsingborg,1930,55889
Hälsingborg,1940,62176
Hälsingborg,1950,71572
Hälsingborg,1960,76574
Hälsingborg,1965,78769
Hälsingborg,1967,80648
Härnösand,1800,1764
Härnösand,1810,1769
Härnösand,1820,1826
Härnösand,1830,1966
Härnösand,1840,2163
Härnösand,1850,2738
Härnösand,1860,3239
Härnösand,1870,3707
Härnösand,1880,5370
Härnösand,1890,5789
Härnösand,1900,7890
Härnösand,1910,9424
Härnösand,1920,9742
Härnösand,1930,11787
Härnösand,1940,12624
Härnösand,1950,15331
Härnösand,1960,17163
Härnösand,1965,16808
Härnösand,1967,16625
Hässleholm,1800,NA
Hässleholm,1810,NA
Hässleholm,1820,NA
Hässleholm,1830,NA
Hässleholm,1840,NA
Hässleholm,1850,NA
Hässleholm,1860,NA
Hässleholm,1870,NA
Hässleholm,1880,NA
Hässleholm,1890,NA
Hässleholm,1900,NA
Hässleholm,1910,NA
Hässleholm,1920,3340
Hässleholm,1930,3236
Hässleholm,1940,3895
Hässleholm,1950,10749
Hässleholm,1960,13479
Hässleholm,1965,15764
Hässleholm,1967,16040
Höganäs,1800,NA
Höganäs,1810,NA
Höganäs,1820,NA
Höganäs,1830,NA
Höganäs,1840,NA
Höganäs,1850,NA
Höganäs,1860,NA
Höganäs,1870,NA
Höganäs,1880,NA
Höganäs,1890,NA
Höganäs,1900,NA
Höganäs,1910,NA
Höganäs,1920,NA
Höganäs,1930,NA
Höganäs,1940,6634
Höganäs,1950,6928
Höganäs,1960,7452
Höganäs,1965,8297
Höganäs,1967,13838
Jönköping,1800,2684
Jönköping,1810,3017
Jönköping,1820,3538
Jönköping,1830,4220
Jönköping,1840,4742
Jönköping,1850,6008
Jönköping,1860,7444
Jönköping,1870,10879
Jönköping,1880,16147
Jönköping,1890,19682
Jönköping,1900,23143
Jönköping,1910,26969
Jönköping,1920,29285
Jönköping,1930,30915
Jönköping,1940,36280
Jönköping,1950,43766
Jönköping,1960,50652
Jönköping,1965,53309
Jönköping,1967,53815
Kalmar,1800,3253
Kalmar,1810,4237
Kalmar,1820,4762
Kalmar,1830,5401
Kalmar,1840,5964
Kalmar,1850,6634
Kalmar,1860,8061
Kalmar,1870,9275
Kalmar,1880,10963
Kalmar,1890,11772
Kalmar,1900,12715
Kalmar,1910,15535
Kalmar,1920,17086
Kalmar,1930,19800
Kalmar,1940,21439
Kalmar,1950,27087
Kalmar,1960,30839
Kalmar,1965,36863
Kalmar,1967,37965
Karlshamn,1800,3170
Karlshamn,1810,3569
Karlshamn,1820,3508
Karlshamn,1830,4110
Karlshamn,1840,4408
Karlshamn,1850,5071
Karlshamn,1860,5633
Karlshamn,1870,5546
Karlshamn,1880,6402
Karlshamn,1890,7189
Karlshamn,1900,7091
Karlshamn,1910,7209
Karlshamn,1920,7604
Karlshamn,1930,7486
Karlshamn,1940,10018
Karlshamn,1950,10653
Karlshamn,1960,11657
Karlshamn,1965,12351
Karlshamn,1967,30639
Karlskoga,1800,NA
Karlskoga,1810,NA
Karlskoga,1820,NA
Karlskoga,1830,NA
Karlskoga,1840,NA
Karlskoga,1850,NA
Karlskoga,1860,NA
Karlskoga,1870,NA
Karlskoga,1880,NA
Karlskoga,1890,NA
Karlskoga,1900,NA
Karlskoga,1910,NA
Karlskoga,1920,NA
Karlskoga,1930,NA
Karlskoga,1940,26114
Karlskoga,1950,31332
Karlskoga,1960,35606
Karlskoga,1965,38019
Karlskoga,1967,38203
Karlskrona,1800,10166
Karlskrona,1810,10639
Karlskrona,1820,11573
Karlskrona,1830,11680
Karlskrona,1840,12456
Karlskrona,1850,14097
Karlskrona,1860,15300
Karlskrona,1870,16558
Karlskrona,1880,18300
Karlskrona,1890,20613
Karlskrona,1900,23955
Karlskrona,1910,27434
Karlskrona,1920,27056
Karlskrona,1930,25491
Karlskrona,1940,29604
Karlskrona,1950,31218
Karlskrona,1960,32977
Karlskrona,1965,31688
Karlskrona,1967,37249
Karlstad,1800,2165
Karlstad,1810,2219
Karlstad,1820,2583
Karlstad,1830,2676
Karlstad,1840,3108
Karlstad,1850,3807
Karlstad,1860,4514
Karlstad,1870,5608
Karlstad,1880,7772
Karlstad,1890,8716
Karlstad,1900,11869
Karlstad,1910,17192
Karlstad,1920,19248
Karlstad,1930,20911
Karlstad,1940,28878
Karlstad,1950,35625
Karlstad,1960,43064
Karlstad,1965,48318
Karlstad,1967,53208
Katrineholm,1800,NA
Katrineholm,1810,NA
Katrineholm,1820,NA
Katrineholm,1830,NA
Katrineholm,1840,NA
Katrineholm,1850,NA
Katrineholm,1860,NA
Katrineholm,1870,NA
Katrineholm,1880,NA
Katrineholm,1890,NA
Katrineholm,1900,NA
Katrineholm,1910,NA
Katrineholm,1920,7948
Katrineholm,1930,7805
Katrineholm,1940,10894
Katrineholm,1950,14522
Katrineholm,1960,19015
Katrineholm,1965,21450
Katrineholm,1967,21674
Kiruna,1800,NA
Kiruna,1810,NA
Kiruna,1820,NA
Kiruna,1830,NA
Kiruna,1840,NA
Kiruna,1850,NA
Kiruna,1860,NA
Kiruna,1870,NA
Kiruna,1880,NA
Kiruna,1890,NA
Kiruna,1900,NA
Kiruna,1910,NA
Kiruna,1920,NA
Kiruna,1930,NA
Kiruna,1940,NA
Kiruna,1950,19105
Kiruna,1960,26804
Kiruna,1965,28343
Kiruna,1967,28968
Kramfors,1800,NA
Kramfors,1810,NA
Kramfors,1820,NA
Kramfors,1830,NA
Kramfors,1840,NA
Kramfors,1850,NA
Kramfors,1860,NA
Kramfors,1870,NA
Kramfors,1880,NA
Kramfors,1890,NA
Kramfors,1900,NA
Kramfors,1910,NA
Kramfors,1920,NA
Kramfors,1930,NA
Kramfors,1940,NA
Kramfors,1950,13829
Kramfors,1960,12418
Kramfors,1965,11978
Kramfors,1967,11723
Kristianstad,1800,2369
Kristianstad,1810,2713
Kristianstad,1820,3512
Kristianstad,1830,4523
Kristianstad,1840,4540
Kristianstad,1850,5440
Kristianstad,1860,5733
Kristianstad,1870,7962
Kristianstad,1880,9203
Kristianstad,1890,10670
Kristianstad,1900,10318
Kristianstad,1910,11569
Kristianstad,1920,12740
Kristianstad,1930,13516
Kristianstad,1940,16345
Kristianstad,1950,24038
Kristianstad,1960,25813
Kristianstad,1965,27527
Kristianstad,1967,42456
Kristinehamn,1800,1400
Kristinehamn,1810,1282
Kristinehamn,1820,1469
Kristinehamn,1830,1704
Kristinehamn,1840,1721
Kristinehamn,1850,2056
Kristinehamn,1860,2636
Kristinehamn,1870,3577
Kristinehamn,1880,5039
Kristinehamn,1890,5933
Kristinehamn,1900,6775
Kristinehamn,1910,8761
Kristinehamn,1920,11514
Kristinehamn,1930,12434
Kristinehamn,1940,13451
Kristinehamn,1950,17489
Kristinehamn,1960,21547
Kristinehamn,1965,21690
Kristinehamn,1967,21915
Kumla,1800,NA
Kumla,1810,NA
Kumla,1820,NA
Kumla,1830,NA
Kumla,1840,NA
Kumla,1850,NA
Kumla,1860,NA
Kumla,1870,NA
Kumla,1880,NA
Kumla,1890,NA
Kumla,1900,NA
Kumla,1910,NA
Kumla,1920,NA
Kumla,1930,NA
Kumla,1940,NA
Kumla,1950,8924
Kumla,1960,9997
Kumla,1965,10367
Kumla,1967,15063
Kungsbacka,1800,342
Kungsbacka,1810,347
Kungsbacka,1820,439
Kungsbacka,1830,456
Kungsbacka,1840,473
Kungsbacka,1850,577
Kungsbacka,1860,539
Kungsbacka,1870,575
Kungsbacka,1880,620
Kungsbacka,1890,771
Kungsbacka,1900,961
Kungsbacka,1910,1120
Kungsbacka,1920,1372
Kungsbacka,1930,2017
Kungsbacka,1940,2365
Kungsbacka,1950,2991
Kungsbacka,1960,5020
Kungsbacka,1965,6255
Kungsbacka,1967,7231
Kungälv,1800,774
Kungälv,1810,864
Kungälv,1820,756
Kungälv,1830,820
Kungälv,1840,749
Kungälv,1850,867
Kungälv,1860,947
Kungälv,1870,890
Kungälv,1880,971
Kungälv,1890,989
Kungälv,1900,1110
Kungälv,1910,1731
Kungälv,1920,2051
Kungälv,1930,2385
Kungälv,1940,3298
Kungälv,1950,3960
Kungälv,1960,6896
Kungälv,1965,10281
Kungälv,1967,11234
Köping,1800,1323
Köping,1810,1143
Köping,1820,1199
Köping,1830,1402
Köping,1840,1483
Köping,1850,1501
Köping,1860,1763
Köping,1870,2287
Köping,1880,2952
Köping,1890,3865
Köping,1900,4657
Köping,1910,4919
Köping,1920,6610
Köping,1930,6395
Köping,1940,7496
Köping,1950,13492
Köping,1960,17692
Köping,1965,20041
Köping,1967,20740
Laholm,1800,817
Laholm,1810,864
Laholm,1820,854
Laholm,1830,916
Laholm,1840,993
Laholm,1850,1102
Laholm,1860,1251
Laholm,1870,1382
Laholm,1880,1496
Laholm,1890,1591
Laholm,1900,1841
Laholm,1910,1932
Laholm,1920,2179
Laholm,1930,2686
Laholm,1940,2654
Laholm,1950,3053
Laholm,1960,3530
Laholm,1965,3855
Laholm,1967,3879
Landskrona,1800,3827
Landskrona,1810,2831
Landskrona,1820,3488
Landskrona,1830,3523
Landskrona,1840,3800
Landskrona,1850,4139
Landskrona,1860,5703
Landskrona,1870,7821
Landskrona,1880,9763
Landskrona,1890,12253
Landskrona,1900,14399
Landskrona,1910,16041
Landskrona,1920,20172
Landskrona,1930,18534
Landskrona,1940,20908
Landskrona,1950,25143
Landskrona,1960,28826
Landskrona,1965,29367
Landskrona,1967,32125
Lidingö,1800,NA
Lidingö,1810,NA
Lidingö,1820,NA
Lidingö,1830,NA
Lidingö,1840,NA
Lidingö,1850,NA
Lidingö,1860,NA
Lidingö,1870,NA
Lidingö,1880,NA
Lidingö,1890,NA
Lidingö,1900,NA
Lidingö,1910,NA
Lidingö,1920,NA
Lidingö,1930,11292
Lidingö,1940,11337
Lidingö,1950,20444
Lidingö,1960,29424
Lidingö,1965,34165
Lidingö,1967,35379
Lidköping,1800,1282
Lidköping,1810,1435
Lidköping,1820,1642
Lidköping,1830,1818
Lidköping,1840,2081
Lidköping,1850,2417
Lidköping,1860,3304
Lidköping,1870,3994
Lidköping,1880,4734
Lidköping,1890,5180
Lidköping,1900,5446
Lidköping,1910,6885
Lidköping,1920,8364
Lidköping,1930,9296
Lidköping,1940,11704
Lidköping,1950,14548
Lidköping,1960,16853
Lidköping,1965,18682
Lidköping,1967,19787
Lindesberg,1800,736
Lindesberg,1810,552
Lindesberg,1820,624
Lindesberg,1830,792
Lindesberg,1840,776
Lindesberg,1850,876
Lindesberg,1860,1091
Lindesberg,1870,1242
Lindesberg,1880,1585
Lindesberg,1890,1532
Lindesberg,1900,1930
Lindesberg,1910,2772
Lindesberg,1920,3027
Lindesberg,1930,3235
Lindesberg,1940,4355
Lindesberg,1950,5306
Lindesberg,1960,6010
Lindesberg,1965,6898
Lindesberg,1967,6869
Linköping,1800,2680
Linköping,1810,3285
Linköping,1820,3415
Linköping,1830,3960
Linköping,1840,4767
Linköping,1850,5240
Linköping,1860,6138
Linköping,1870,7257
Linköping,1880,8752
Linköping,1890,12649
Linköping,1900,14552
Linköping,1910,18149
Linköping,1920,26920
Linköping,1930,29845
Linköping,1940,38654
Linköping,1950,54512
Linköping,1960,65237
Linköping,1965,71652
Linköping,1967,78032
Ljungby,1800,NA
Ljungby,1810,NA
Ljungby,1820,NA
Ljungby,1830,NA
Ljungby,1840,NA
Ljungby,1850,NA
Ljungby,1860,NA
Ljungby,1870,NA
Ljungby,1880,NA
Ljungby,1890,NA
Ljungby,1900,NA
Ljungby,1910,NA
Ljungby,1920,NA
Ljungby,1930,NA
Ljungby,1940,5354
Ljungby,1950,7154
Ljungby,1960,9320
Ljungby,1965,11153
Ljungby,1967,11950
Ludvika,1800,NA
Ludvika,1810,NA
Ludvika,1820,NA
Ludvika,1830,NA
Ludvika,1840,NA
Ludvika,1850,NA
Ludvika,1860,NA
Ludvika,1870,NA
Ludvika,1880,NA
Ludvika,1890,NA
Ludvika,1900,NA
Ludvika,1910,NA
Ludvika,1920,4313
Ludvika,1930,5052
Ludvika,1940,6722
Ludvika,1950,10304
Ludvika,1960,12253
Ludvika,1965,22384
Ludvika,1967,22008
Luleå,1800,901
Luleå,1810,873
Luleå,1820,1028
Luleå,1830,1064
Luleå,1840,1139
Luleå,1850,1257
Luleå,1860,1516
Luleå,1870,1905
Luleå,1880,3120
Luleå,1890,4755
Luleå,1900,9484
Luleå,1910,8959
Luleå,1920,10545
Luleå,1930,11336
Luleå,1940,13948
Luleå,1950,22638
Luleå,1960,30614
Luleå,1965,34853
Luleå,1967,36296
Lund,1800,3086
Lund,1810,3100
Lund,1820,3550
Lund,1830,4211
Lund,1840,5264
Lund,1850,6709
Lund,1860,8412
Lund,1870,10688
Lund,1880,14304
Lund,1890,15023
Lund,1900,16621
Lund,1910,20139
Lund,1920,23183
Lund,1930,24520
Lund,1940,27969
Lund,1950,33828
Lund,1960,40380
Lund,1965,45670
Lund,1967,50669
Lycksele,1800,NA
Lycksele,1810,NA
Lycksele,1820,NA
Lycksele,1830,NA
Lycksele,1840,NA
Lycksele,1850,NA
Lycksele,1860,NA
Lycksele,1870,NA
Lycksele,1880,NA
Lycksele,1890,NA
Lycksele,1900,NA
Lycksele,1910,NA
Lycksele,1920,NA
Lycksele,1930,NA
Lycksele,1940,NA
Lycksele,1950,3461
Lycksele,1960,5750
Lycksele,1965,6087
Lycksele,1967,6323
Lysekil,1800,NA
Lysekil,1810,NA
Lysekil,1820,NA
Lysekil,1830,NA
Lysekil,1840,NA
Lysekil,1850,NA
Lysekil,1860,NA
Lysekil,1870,NA
Lysekil,1880,NA
Lysekil,1890,NA
Lysekil,1900,NA
Lysekil,1910,4254
Lysekil,1920,4219
Lysekil,1930,4186
Lysekil,1940,5256
Lysekil,1950,5725
Lysekil,1960,7776
Lysekil,1965,8009
Lysekil,1967,8015
Malmö,1800,3962
Malmö,1810,5796
Malmö,1820,6723
Malmö,1830,8665
Malmö,1840,10203
Malmö,1850,13087
Malmö,1860,18919
Malmö,1870,25593
Malmö,1880,38054
Malmö,1890,48504
Malmö,1900,60857
Malmö,1910,83373
Malmö,1920,113553
Malmö,1930,120307
Malmö,1940,155506
Malmö,1950,191783
Malmö,1960,229388
Malmö,1965,249161
Malmö,1967,254338
Mariefred,1800,699
Mariefred,1810,665
Mariefred,1820,656
Mariefred,1830,575
Mariefred,1840,560
Mariefred,1850,610
Mariefred,1860,663
Mariefred,1870,699
Mariefred,1880,809
Mariefred,1890,977
Mariefred,1900,1192
Mariefred,1910,1363
Mariefred,1920,1402
Mariefred,1930,1362
Mariefred,1940,1542
Mariefred,1950,1649
Mariefred,1960,2562
Mariefred,1965,2563
Mariefred,1967,2517
Mariestad,1800,1049
Mariestad,1810,1044
Mariestad,1820,1338
Mariestad,1830,1542
Mariestad,1840,1609
Mariestad,1850,2059
Mariestad,1860,2277
Mariestad,1870,2354
Mariestad,1880,2658
Mariestad,1890,3097
Mariestad,1900,3737
Mariestad,1910,4608
Mariestad,1920,5310
Mariestad,1930,6143
Mariestad,1940,6507
Mariestad,1950,8338
Mariestad,1960,11879
Mariestad,1965,14911
Mariestad,1967,15410
Marstrand,1800,1327
Marstrand,1810,1259
Marstrand,1820,1087
Marstrand,1830,987
Marstrand,1840,943
Marstrand,1850,1014
Marstrand,1860,1078
Marstrand,1870,1341
Marstrand,1880,1363
Marstrand,1890,1480
Marstrand,1900,1614
Marstrand,1910,1854
Marstrand,1920,1717
Marstrand,1930,1646
Marstrand,1940,1237
Marstrand,1950,1226
Marstrand,1960,1190
Marstrand,1965,1076
Marstrand,1967,1113
Mjölby,1800,NA
Mjölby,1810,NA
Mjölby,1820,NA
Mjölby,1830,NA
Mjölby,1840,NA
Mjölby,1850,NA
Mjölby,1860,NA
Mjölby,1870,NA
Mjölby,1880,NA
Mjölby,1890,NA
Mjölby,1900,NA
Mjölby,1910,NA
Mjölby,1920,5846
Mjölby,1930,5911
Mjölby,1940,6120
Mjölby,1950,8258
Mjölby,1960,10712
Mjölby,1965,12290
Mjölby,1967,12834
Motala,1800,NA
Motala,1810,NA
Motala,1820,NA
Motala,1830,NA
Motala,1840,NA
Motala,1850,NA
Motala,1860,NA
Motala,1870,NA
Motala,1880,NA
Motala,1890,2616
Motala,1900,3047
Motala,1910,2908
Motala,1920,5807
Motala,1930,5985
Motala,1940,7203
Motala,1950,24708
Motala,1960,27148
Motala,1965,27698
Motala,1967,27887
Mölndal,1800,NA
Mölndal,1810,NA
Mölndal,1820,NA
Mölndal,1830,NA
Mölndal,1840,NA
Mölndal,1850,NA
Mölndal,1860,NA
Mölndal,1870,NA
Mölndal,1880,NA
Mölndal,1890,NA
Mölndal,1900,NA
Mölndal,1910,NA
Mölndal,1920,NA
Mölndal,1930,17557
Mölndal,1940,16637
Mölndal,1950,20920
Mölndal,1960,26502
Mölndal,1965,30211
Mölndal,1967,31125
Nacka,1800,NA
Nacka,1810,NA
Nacka,1820,NA
Nacka,1830,NA
Nacka,1840,NA
Nacka,1850,NA
Nacka,1860,NA
Nacka,1870,NA
Nacka,1880,NA
Nacka,1890,NA
Nacka,1900,NA
Nacka,1910,NA
Nacka,1920,NA
Nacka,1930,NA
Nacka,1940,NA
Nacka,1950,15483
Nacka,1960,20740
Nacka,1965,24163
Nacka,1967,25791
Nora,1800,685
Nora,1810,627
Nora,1820,628
Nora,1830,722
Nora,1840,756
Nora,1850,908
Nora,1860,1100
Nora,1870,1440
Nora,1880,1536
Nora,1890,1373
Nora,1900,1679
Nora,1910,2056
Nora,1920,2389
Nora,1930,2631
Nora,1940,2927
Nora,1950,3501
Nora,1960,4073
Nora,1965,10391
Nora,1967,9196
Norrköping,1800,9089
Norrköping,1810,9048
Norrköping,1820,9688
Norrköping,1830,10030
Norrköping,1840,12829
Norrköping,1850,16916
Norrköping,1860,19956
Norrköping,1870,23850
Norrköping,1880,26735
Norrköping,1890,32826
Norrköping,1900,41008
Norrköping,1910,46393
Norrköping,1920,58098
Norrköping,1930,61492
Norrköping,1940,70785
Norrköping,1950,84647
Norrköping,1960,90955
Norrköping,1965,93801
Norrköping,1967,94345
Norrtälje,1800,771
Norrtälje,1810,851
Norrtälje,1820,863
Norrtälje,1830,1114
Norrtälje,1840,1077
Norrtälje,1850,1012
Norrtälje,1860,1199
Norrtälje,1870,1404
Norrtälje,1880,1879
Norrtälje,1890,2477
Norrtälje,1900,3118
Norrtälje,1910,3890
Norrtälje,1920,4959
Norrtälje,1930,4875
Norrtälje,1940,5177
Norrtälje,1950,6514
Norrtälje,1960,8871
Norrtälje,1965,10886
Norrtälje,1967,11918
Nybro,1800,NA
Nybro,1810,NA
Nybro,1820,NA
Nybro,1830,NA
Nybro,1840,NA
Nybro,1850,NA
Nybro,1860,NA
Nybro,1870,NA
Nybro,1880,NA
Nybro,1890,NA
Nybro,1900,NA
Nybro,1910,NA
Nybro,1920,NA
Nybro,1930,NA
Nybro,1940,4825
Nybro,1950,6863
Nybro,1960,8747
Nybro,1965,10355
Nybro,1967,10981
Nyköping,1800,2272
Nyköping,1810,2179
Nyköping,1820,2731
Nyköping,1830,2832
Nyköping,1840,3486
Nyköping,1850,3806
Nyköping,1860,4794
Nyköping,1870,4091
Nyköping,1880,4813
Nyköping,1890,5978
Nyköping,1900,7375
Nyköping,1910,9810
Nyköping,1920,11710
Nyköping,1930,11953
Nyköping,1940,13361
Nyköping,1950,20427
Nyköping,1960,24250
Nyköping,1965,28303
Nyköping,1967,31226
Nynäshamn,1800,NA
Nynäshamn,1810,NA
Nynäshamn,1820,NA
Nynäshamn,1830,NA
Nynäshamn,1840,NA
Nynäshamn,1850,NA
Nynäshamn,1860,NA
Nynäshamn,1870,NA
Nynäshamn,1880,NA
Nynäshamn,1890,NA
Nynäshamn,1900,NA
Nynäshamn,1910,NA
Nynäshamn,1920,NA
Nynäshamn,1930,NA
Nynäshamn,1940,NA
Nynäshamn,1950,7901
Nynäshamn,1960,9411
Nynäshamn,1965,10427
Nynäshamn,1967,10695
Nässjö,1800,NA
Nässjö,1810,NA
Nässjö,1820,NA
Nässjö,1830,NA
Nässjö,1840,NA
Nässjö,1850,NA
Nässjö,1860,NA
Nässjö,1870,NA
Nässjö,1880,NA
Nässjö,1890,NA
Nässjö,1900,NA
Nässjö,1910,NA
Nässjö,1920,8539
Nässjö,1930,9111
Nässjö,1940,10225
Nässjö,1950,15702
Nässjö,1960,18427
Nässjö,1965,19702
Nässjö,1967,20021
Oskarshamn,1800,NA
Oskarshamn,1810,NA
Oskarshamn,1820,NA
Oskarshamn,1830,NA
Oskarshamn,1840,NA
Oskarshamn,1850,NA
Oskarshamn,1860,2237
Oskarshamn,1870,3284
Oskarshamn,1880,5382
Oskarshamn,1890,5853
Oskarshamn,1900,7077
Oskarshamn,1910,7972
Oskarshamn,1920,9231
Oskarshamn,1930,8675
Oskarshamn,1940,8922
Oskarshamn,1950,10683
Oskarshamn,1960,12862
Oskarshamn,1965,13734
Oskarshamn,1967,24894
Oxelösund,1800,NA
Oxelösund,1810,NA
Oxelösund,1820,NA
Oxelösund,1830,NA
Oxelösund,1840,NA
Oxelösund,1850,NA
Oxelösund,1860,NA
Oxelösund,1870,NA
Oxelösund,1880,NA
Oxelösund,1890,NA
Oxelösund,1900,NA
Oxelösund,1910,NA
Oxelösund,1920,NA
Oxelösund,1930,NA
Oxelösund,1940,NA
Oxelösund,1950,5398
Oxelösund,1960,10007
Oxelösund,1965,13810
Oxelösund,1967,14825
Piteå,1800,831
Piteå,1810,634
Piteå,1820,967
Piteå,1830,1216
Piteå,1840,1172
Piteå,1850,1405
Piteå,1860,1554
Piteå,1870,1800
Piteå,1880,2337
Piteå,1890,2691
Piteå,1900,2655
Piteå,1910,2632
Piteå,1920,3043
Piteå,1930,3102
Piteå,1940,4259
Piteå,1950,5567
Piteå,1960,7426
Piteå,1965,8476
Piteå,1967,32316
Ronneby,1800,NA
Ronneby,1810,NA
Ronneby,1820,NA
Ronneby,1830,NA
Ronneby,1840,NA
Ronneby,1850,NA
Ronneby,1860,NA
Ronneby,1870,NA
Ronneby,1880,NA
Ronneby,1890,1899
Ronneby,1900,3152
Ronneby,1910,3473
Ronneby,1920,3360
Ronneby,1930,5774
Ronneby,1940,5868
Ronneby,1950,7241
Ronneby,1960,8699
Ronneby,1965,10125
Ronneby,1967,29376
Sala,1800,2147
Sala,1810,2262
Sala,1820,2570
Sala,1830,2961
Sala,1840,3385
Sala,1850,3252
Sala,1860,3381
Sala,1870,3859
Sala,1880,4836
Sala,1890,5753
Sala,1900,6593
Sala,1910,7693
Sala,1920,7855
Sala,1930,8019
Sala,1940,8043
Sala,1950,9270
Sala,1960,11015
Sala,1965,11696
Sala,1967,11914
Sandviken,1800,NA
Sandviken,1810,NA
Sandviken,1820,NA
Sandviken,1830,NA
Sandviken,1840,NA
Sandviken,1850,NA
Sandviken,1860,NA
Sandviken,1870,NA
Sandviken,1880,NA
Sandviken,1890,NA
Sandviken,1900,NA
Sandviken,1910,NA
Sandviken,1920,NA
Sandviken,1930,NA
Sandviken,1940,NA
Sandviken,1950,18815
Sandviken,1960,22024
Sandviken,1965,23907
Sandviken,1967,25497
Sigtuna,1800,452
Sigtuna,1810,380
Sigtuna,1820,396
Sigtuna,1830,349
Sigtuna,1840,399
Sigtuna,1850,426
Sigtuna,1860,460
Sigtuna,1870,487
Sigtuna,1880,609
Sigtuna,1890,552
Sigtuna,1900,568
Sigtuna,1910,669
Sigtuna,1920,709
Sigtuna,1930,1030
Sigtuna,1940,1337
Sigtuna,1950,2307
Sigtuna,1960,3212
Sigtuna,1965,3795
Sigtuna,1967,3987
Simrishamn,1800,644
Simrishamn,1810,700
Simrishamn,1820,975
Simrishamn,1830,977
Simrishamn,1840,1046
Simrishamn,1850,1365
Simrishamn,1860,1415
Simrishamn,1870,1532
Simrishamn,1880,1841
Simrishamn,1890,1966
Simrishamn,1900,2062
Simrishamn,1910,2134
Simrishamn,1920,2346
Simrishamn,1930,2505
Simrishamn,1940,2795
Simrishamn,1950,3463
Simrishamn,1960,7308
Simrishamn,1965,8082
Simrishamn,1967,7974
"Skanör med 
  Falsterbo",1800,682
"Skanör med 
  Falsterbo",1810,721
"Skanör med 
  Falsterbo",1820,728
"Skanör med 
  Falsterbo",1830,679
"Skanör med 
  Falsterbo",1840,847
"Skanör med 
  Falsterbo",1850,1037
"Skanör med 
  Falsterbo",1860,1137
"Skanör med 
  Falsterbo",1870,1094
"Skanör med 
  Falsterbo",1880,1049
"Skanör med 
  Falsterbo",1890,1078
"Skanör med 
  Falsterbo",1900,933
"Skanör med 
  Falsterbo",1910,1023
"Skanör med 
  Falsterbo",1920,1140
"Skanör med 
  Falsterbo",1930,1097
"Skanör med 
  Falsterbo",1940,1051
"Skanör med 
  Falsterbo",1950,1002
"Skanör med 
  Falsterbo",1960,895
"Skanör med 
  Falsterbo",1965,1547
"Skanör med 
  Falsterbo",1967,2281
Skanör,1800,526
Skanör,1810,546
Skanör,1820,541
Skanör,1830,499
Skanör,1840,629
Skanör,1850,755
Skanör,1860,824
Skanör,1870,803
Skanör,1880,710
Skanör,1890,718
Skanör,1900,667
Skanör,1910,639
Skanör,1920,727
Skanör,1930,705
Skanör,1940,599
Skanör,1950,596
Skanör,1960,507
Skanör,1965,978
Skanör,1967,1563
Falsterbo,1800,156
Falsterbo,1810,175
Falsterbo,1820,187
Falsterbo,1830,180
Falsterbo,1840,218
Falsterbo,1850,282
Falsterbo,1860,313
Falsterbo,1870,291
Falsterbo,1880,339
Falsterbo,1890,360
Falsterbo,1900,266
Falsterbo,1910,384
Falsterbo,1920,413
Falsterbo,1930,392
Falsterbo,1940,452
Falsterbo,1950,406
Falsterbo,1960,388
Falsterbo,1965,569
Falsterbo,1967,718
Skara,1800,826
Skara,1810,848
Skara,1820,1271
Skara,1830,1498
Skara,1840,1638
Skara,1850,1866
Skara,1860,2246
Skara,1870,2560
Skara,1880,3122
Skara,1890,3813
Skara,1900,4431
Skara,1910,5666
Skara,1920,6262
Skara,1930,6770
Skara,1940,7364
Skara,1950,8378
Skara,1960,9139
Skara,1965,9942
Skara,1967,10419
Skellefteå,1800,NA
Skellefteå,1810,NA
Skellefteå,1820,NA
Skellefteå,1830,NA
Skellefteå,1840,NA
Skellefteå,1850,NA
Skellefteå,1860,347
Skellefteå,1870,577
Skellefteå,1880,877
Skellefteå,1890,1166
Skellefteå,1900,1279
Skellefteå,1910,1442
Skellefteå,1920,2983
Skellefteå,1930,5203
Skellefteå,1940,8475
Skellefteå,1950,13971
Skellefteå,1960,22730
Skellefteå,1965,24609
Skellefteå,1967,61949
Skänninge,1800,845
Skänninge,1810,777
Skänninge,1820,869
Skänninge,1830,1027
Skänninge,1840,1084
Skänninge,1850,1230
Skänninge,1860,1511
Skänninge,1870,1430
Skänninge,1880,1530
Skänninge,1890,1363
Skänninge,1900,1290
Skänninge,1910,1378
Skänninge,1920,1740
Skänninge,1930,1751
Skänninge,1940,1786
Skänninge,1950,2353
Skänninge,1960,3942
Skänninge,1965,4347
Skänninge,1967,4482
Skövde,1800,423
Skövde,1810,549
Skövde,1820,594
Skövde,1830,618
Skövde,1840,652
Skövde,1850,865
Skövde,1860,1423
Skövde,1870,2280
Skövde,1880,3308
Skövde,1890,4297
Skövde,1900,4872
Skövde,1910,6520
Skövde,1920,9904
Skövde,1930,10848
Skövde,1940,12522
Skövde,1950,17758
Skövde,1960,23946
Skövde,1965,27076
Skövde,1967,28028
Sollefteå,1800,NA
Sollefteå,1810,NA
Sollefteå,1820,NA
Sollefteå,1830,NA
Sollefteå,1840,NA
Sollefteå,1850,NA
Sollefteå,1860,NA
Sollefteå,1870,NA
Sollefteå,1880,NA
Sollefteå,1890,NA
Sollefteå,1900,NA
Sollefteå,1910,NA
Sollefteå,1920,2662
Sollefteå,1930,2735
Sollefteå,1940,3229
Sollefteå,1950,8327
Sollefteå,1960,9888
Sollefteå,1965,9708
Sollefteå,1967,9734
Solna,1800,NA
Solna,1810,NA
Solna,1820,NA
Solna,1830,NA
Solna,1840,NA
Solna,1850,NA
Solna,1860,NA
Solna,1870,NA
Solna,1880,NA
Solna,1890,NA
Solna,1900,NA
Solna,1910,NA
Solna,1920,NA
Solna,1930,NA
Solna,1940,NA
Solna,1950,37047
Solna,1960,51094
Solna,1965,55269
Solna,1967,57645
Stockholm,1800,75517
Stockholm,1810,65474
Stockholm,1820,75569
Stockholm,1830,80621
Stockholm,1840,84161
Stockholm,1850,93070
Stockholm,1860,112391
Stockholm,1870,136016
Stockholm,1880,168775
Stockholm,1890,246454
Stockholm,1900,300624
Stockholm,1910,342323
Stockholm,1920,419440
Stockholm,1930,502213
Stockholm,1940,590503
Stockholm,1950,744143
Stockholm,1960,808294
Stockholm,1965,788503
Stockholm,1967,774217
Strängnäs,1800,1112
Strängnäs,1810,1063
Strängnäs,1820,1131
Strängnäs,1830,1060
Strängnäs,1840,1127
Strängnäs,1850,1244
Strängnäs,1860,1583
Strängnäs,1870,1639
Strängnäs,1880,1594
Strängnäs,1890,1754
Strängnäs,1900,2276
Strängnäs,1910,3001
Strängnäs,1920,4168
Strängnäs,1930,4716
Strängnäs,1940,5231
Strängnäs,1950,7280
Strängnäs,1960,8282
Strängnäs,1965,9093
Strängnäs,1967,9526
Strömstad,1800,1367
Strömstad,1810,1123
Strömstad,1820,1322
Strömstad,1830,1422
Strömstad,1840,1302
Strömstad,1850,1348
Strömstad,1860,1700
Strömstad,1870,1986
Strömstad,1880,2296
Strömstad,1890,2548
Strömstad,1900,2847
Strömstad,1910,2978
Strömstad,1920,2938
Strömstad,1930,3074
Strömstad,1940,2983
Strömstad,1950,3350
Strömstad,1960,4039
Strömstad,1965,4219
Strömstad,1967,9835
Sundbyberg,1800,NA
Sundbyberg,1810,NA
Sundbyberg,1820,NA
Sundbyberg,1830,NA
Sundbyberg,1840,NA
Sundbyberg,1850,NA
Sundbyberg,1860,NA
Sundbyberg,1870,NA
Sundbyberg,1880,NA
Sundbyberg,1890,NA
Sundbyberg,1900,NA
Sundbyberg,1910,NA
Sundbyberg,1920,NA
Sundbyberg,1930,8470
Sundbyberg,1940,11044
Sundbyberg,1950,24579
Sundbyberg,1960,27059
Sundbyberg,1965,28293
Sundbyberg,1967,28661
Sundsvall,1800,1468
Sundsvall,1810,1473
Sundsvall,1820,1720
Sundsvall,1830,1895
Sundsvall,1840,2075
Sundsvall,1850,2837
Sundsvall,1860,4432
Sundsvall,1870,6405
Sundsvall,1880,9116
Sundsvall,1890,13215
Sundsvall,1900,14831
Sundsvall,1910,16854
Sundsvall,1920,16776
Sundsvall,1930,18007
Sundsvall,1940,18582
Sundsvall,1950,25706
Sundsvall,1960,29493
Sundsvall,1965,59340
Sundsvall,1967,62278
Säffle,1800,NA
Säffle,1810,NA
Säffle,1820,NA
Säffle,1830,NA
Säffle,1840,NA
Säffle,1850,NA
Säffle,1860,NA
Säffle,1870,NA
Säffle,1880,NA
Säffle,1890,NA
Säffle,1900,NA
Säffle,1910,NA
Säffle,1920,NA
Säffle,1930,NA
Säffle,1940,NA
Säffle,1950,NA
Säffle,1960,10864
Säffle,1965,12089
Säffle,1967,12562
Säter,1800,409
Säter,1810,467
Säter,1820,525
Säter,1830,576
Säter,1840,552
Säter,1850,534
Säter,1860,505
Säter,1870,515
Säter,1880,541
Säter,1890,552
Säter,1900,627
Säter,1910,1092
Säter,1920,1778
Säter,1930,2175
Säter,1940,2243
Säter,1950,2517
Säter,1960,4530
Säter,1965,4634
Säter,1967,4650
Sävsjö,1800,NA
Sävsjö,1810,NA
Sävsjö,1820,NA
Sävsjö,1830,NA
Sävsjö,1840,NA
Sävsjö,1850,NA
Sävsjö,1860,NA
Sävsjö,1870,NA
Sävsjö,1880,NA
Sävsjö,1890,NA
Sävsjö,1900,NA
Sävsjö,1910,NA
Sävsjö,1920,NA
Sävsjö,1930,NA
Sävsjö,1940,NA
Sävsjö,1950,4413
Sävsjö,1960,5138
Sävsjö,1965,5554
Sävsjö,1967,5525
Söderhamn,1800,1422
Söderhamn,1810,1348
Söderhamn,1820,1389
Söderhamn,1830,1514
Söderhamn,1840,1590
Söderhamn,1850,1757
Söderhamn,1860,2786
Söderhamn,1870,4656
Söderhamn,1880,7937
Söderhamn,1890,10093
Söderhamn,1900,11258
Söderhamn,1910,11412
Söderhamn,1920,11264
Söderhamn,1930,11644
Söderhamn,1940,10004
Söderhamn,1950,11524
Söderhamn,1960,13010
Söderhamn,1965,13457
Söderhamn,1967,13792
Söderköping,1800,817
Söderköping,1810,819
Söderköping,1820,883
Söderköping,1830,832
Söderköping,1840,1145
Söderköping,1850,1254
Söderköping,1860,1549
Söderköping,1870,1585
Söderköping,1880,1783
Söderköping,1890,1840
Söderköping,1900,1922
Söderköping,1910,2118
Söderköping,1920,2597
Söderköping,1930,2868
Söderköping,1940,2783
Söderköping,1950,3103
Söderköping,1960,5420
Söderköping,1965,5793
Söderköping,1967,5952
Södertälje,1800,960
Södertälje,1810,975
Södertälje,1820,944
Södertälje,1830,1053
Södertälje,1840,1156
Södertälje,1850,1245
Södertälje,1860,1719
Södertälje,1870,2150
Södertälje,1880,3510
Södertälje,1890,4590
Södertälje,1900,8207
Södertälje,1910,11060
Södertälje,1920,14966
Södertälje,1930,14369
Södertälje,1940,15872
Södertälje,1950,25300
Södertälje,1960,33152
Södertälje,1965,46830
Södertälje,1967,52503
Sölvesborg,1800,NA
Sölvesborg,1810,NA
Sölvesborg,1820,NA
Sölvesborg,1830,NA
Sölvesborg,1840,1284
Sölvesborg,1850,1464
Sölvesborg,1860,1603
Sölvesborg,1870,1478
Sölvesborg,1880,1599
Sölvesborg,1890,1531
Sölvesborg,1900,1937
Sölvesborg,1910,2949
Sölvesborg,1920,3760
Sölvesborg,1930,3943
Sölvesborg,1940,4085
Sölvesborg,1950,4504
Sölvesborg,1960,6003
Sölvesborg,1965,6487
Sölvesborg,1967,6724
Tidaholm,1800,NA
Tidaholm,1810,NA
Tidaholm,1820,NA
Tidaholm,1830,NA
Tidaholm,1840,NA
Tidaholm,1850,NA
Tidaholm,1860,NA
Tidaholm,1870,NA
Tidaholm,1880,NA
Tidaholm,1890,NA
Tidaholm,1900,NA
Tidaholm,1910,4718
Tidaholm,1920,4612
Tidaholm,1930,4816
Tidaholm,1940,4532
Tidaholm,1950,5923
Tidaholm,1960,6639
Tidaholm,1965,6977
Tidaholm,1967,7260
Torshälla,1800,568
Torshälla,1810,541
Torshälla,1820,556
Torshälla,1830,519
Torshälla,1840,596
Torshälla,1850,630
Torshälla,1860,820
Torshälla,1870,783
Torshälla,1880,906
Torshälla,1890,1356
Torshälla,1900,1893
Torshälla,1910,1898
Torshälla,1920,1889
Torshälla,1930,1826
Torshälla,1940,1920
Torshälla,1950,3537
Torshälla,1960,6083
Torshälla,1965,7247
Torshälla,1967,7916
Tranås,1800,NA
Tranås,1810,NA
Tranås,1820,NA
Tranås,1830,NA
Tranås,1840,NA
Tranås,1850,NA
Tranås,1860,NA
Tranås,1870,NA
Tranås,1880,NA
Tranås,1890,NA
Tranås,1900,NA
Tranås,1910,NA
Tranås,1920,5806
Tranås,1930,6439
Tranås,1940,7516
Tranås,1950,10334
Tranås,1960,15402
Tranås,1965,16672
Tranås,1967,18854
Trelleborg,1800,NA
Trelleborg,1810,NA
Trelleborg,1820,NA
Trelleborg,1830,NA
Trelleborg,1840,NA
Trelleborg,1850,NA
Trelleborg,1860,NA
Trelleborg,1870,1993
Trelleborg,1880,2307
Trelleborg,1890,2360
Trelleborg,1900,3037
Trelleborg,1910,9909
Trelleborg,1920,11385
Trelleborg,1930,13024
Trelleborg,1940,14550
Trelleborg,1950,17186
Trelleborg,1960,19209
Trelleborg,1965,21948
Trelleborg,1967,35313
Trollhättan,1800,NA
Trollhättan,1810,NA
Trollhättan,1820,NA
Trollhättan,1830,NA
Trollhättan,1840,NA
Trollhättan,1850,NA
Trollhättan,1860,NA
Trollhättan,1870,NA
Trollhättan,1880,NA
Trollhättan,1890,NA
Trollhättan,1900,NA
Trollhättan,1910,NA
Trollhättan,1920,14763
Trollhättan,1930,15014
Trollhättan,1940,17507
Trollhättan,1950,24157
Trollhättan,1960,32051
Trollhättan,1965,35451
Trollhättan,1967,40803
Trosa,1800,479
Trosa,1810,459
Trosa,1820,488
Trosa,1830,532
Trosa,1840,529
Trosa,1850,471
Trosa,1860,445
Trosa,1870,453
Trosa,1880,545
Trosa,1890,600
Trosa,1900,720
Trosa,1910,913
Trosa,1920,913
Trosa,1930,800
Trosa,1940,1004
Trosa,1950,1230
Trosa,1960,1313
Trosa,1965,1708
Trosa,1967,1859
Uddevalla,1800,4081
Uddevalla,1810,3100
Uddevalla,1820,3655
Uddevalla,1830,3624
Uddevalla,1840,3576
Uddevalla,1850,3832
Uddevalla,1860,4629
Uddevalla,1870,5540
Uddevalla,1880,7037
Uddevalla,1890,7643
Uddevalla,1900,9442
Uddevalla,1910,12583
Uddevalla,1920,13753
Uddevalla,1930,15104
Uddevalla,1940,16782
Uddevalla,1950,24982
Uddevalla,1960,34290
Uddevalla,1965,36376
Uddevalla,1967,36480
Ulricehamn,1800,633
Ulricehamn,1810,750
Ulricehamn,1820,1240
Ulricehamn,1830,1253
Ulricehamn,1840,1328
Ulricehamn,1850,1455
Ulricehamn,1860,1424
Ulricehamn,1870,1038
Ulricehamn,1880,1215
Ulricehamn,1890,1162
Ulricehamn,1900,1381
Ulricehamn,1910,2197
Ulricehamn,1920,3287
Ulricehamn,1930,4138
Ulricehamn,1940,6378
Ulricehamn,1950,7705
Ulricehamn,1960,8075
Ulricehamn,1965,8455
Ulricehamn,1967,8527
Umeå,1800,960
Umeå,1810,1039
Umeå,1820,1195
Umeå,1830,1278
Umeå,1840,1269
Umeå,1850,1505
Umeå,1860,1855
Umeå,1870,2565
Umeå,1880,2818
Umeå,1890,3223
Umeå,1900,3883
Umeå,1910,5859
Umeå,1920,7002
Umeå,1930,11138
Umeå,1940,13710
Umeå,1950,17107
Umeå,1960,22623
Umeå,1965,48858
Umeå,1967,51952
Uppsala,1800,5105
Uppsala,1810,4076
Uppsala,1820,4463
Uppsala,1830,4539
Uppsala,1840,5203
Uppsala,1850,6952
Uppsala,1860,8459
Uppsala,1870,11433
Uppsala,1880,15675
Uppsala,1890,21511
Uppsala,1900,22855
Uppsala,1910,25960
Uppsala,1920,28897
Uppsala,1930,30313
Uppsala,1940,38357
Uppsala,1950,63001
Uppsala,1960,77518
Uppsala,1965,86859
Uppsala,1967,97172
Vadstena,1800,1316
Vadstena,1810,1361
Vadstena,1820,1714
Vadstena,1830,1786
Vadstena,1840,1952
Vadstena,1850,2225
Vadstena,1860,2411
Vadstena,1870,2399
Vadstena,1880,2398
Vadstena,1890,2198
Vadstena,1900,2328
Vadstena,1910,2548
Vadstena,1920,2896
Vadstena,1930,2922
Vadstena,1940,2954
Vadstena,1950,3494
Vadstena,1960,4462
Vadstena,1965,4845
Vadstena,1967,6909
Varberg,1800,1402
Varberg,1810,1331
Varberg,1820,1494
Varberg,1830,1787
Varberg,1840,1660
Varberg,1850,2123
Varberg,1860,2503
Varberg,1870,2344
Varberg,1880,2961
Varberg,1890,4387
Varberg,1900,6019
Varberg,1910,7375
Varberg,1920,7934
Varberg,1930,8561
Varberg,1940,10513
Varberg,1950,12550
Varberg,1960,14474
Varberg,1965,15966
Varberg,1967,18498
Vaxholm,1800,975
Vaxholm,1810,987
Vaxholm,1820,958
Vaxholm,1830,871
Vaxholm,1840,921
Vaxholm,1850,911
Vaxholm,1860,1048
Vaxholm,1870,1088
Vaxholm,1880,1278
Vaxholm,1890,1591
Vaxholm,1900,1702
Vaxholm,1910,1625
Vaxholm,1920,3354
Vaxholm,1930,2934
Vaxholm,1940,2765
Vaxholm,1950,3654
Vaxholm,1960,3792
Vaxholm,1965,4322
Vaxholm,1967,4509
Vetlanda,1800,NA
Vetlanda,1810,NA
Vetlanda,1820,NA
Vetlanda,1830,NA
Vetlanda,1840,NA
Vetlanda,1850,NA
Vetlanda,1860,NA
Vetlanda,1870,NA
Vetlanda,1880,NA
Vetlanda,1890,NA
Vetlanda,1900,NA
Vetlanda,1910,NA
Vetlanda,1920,3128
Vetlanda,1930,3501
Vetlanda,1940,4290
Vetlanda,1950,7638
Vetlanda,1960,9389
Vetlanda,1965,10219
Vetlanda,1967,10768
Vimmerby,1800,916
Vimmerby,1810,969
Vimmerby,1820,1154
Vimmerby,1830,1319
Vimmerby,1840,1521
Vimmerby,1850,1436
Vimmerby,1860,1766
Vimmerby,1870,1829
Vimmerby,1880,2033
Vimmerby,1890,2045
Vimmerby,1900,2215
Vimmerby,1910,2689
Vimmerby,1920,2974
Vimmerby,1930,3472
Vimmerby,1940,4052
Vimmerby,1950,5091
Vimmerby,1960,6443
Vimmerby,1965,7076
Vimmerby,1967,7278
Visby,1800,3730
Visby,1810,3577
Visby,1820,3767
Visby,1830,4058
Visby,1840,4157
Visby,1850,4502
Visby,1860,5443
Visby,1870,6167
Visby,1880,6922
Visby,1890,7102
Visby,1900,8376
Visby,1910,9961
Visby,1920,9346
Visby,1930,10467
Visby,1940,12520
Visby,1950,14741
Visby,1960,15604
Visby,1965,17403
Visby,1967,18370
Vänersborg,1800,1453
Vänersborg,1810,1534
Vänersborg,1820,1976
Vänersborg,1830,2396
Vänersborg,1840,2623
Vänersborg,1850,3067
Vänersborg,1860,4076
Vänersborg,1870,4814
Vänersborg,1880,5482
Vänersborg,1890,5613
Vänersborg,1900,6395
Vänersborg,1910,7648
Vänersborg,1920,8791
Vänersborg,1930,8942
Vänersborg,1940,9144
Vänersborg,1950,15735
Vänersborg,1960,18491
Vänersborg,1965,19671
Vänersborg,1967,19970
Värnamo,1800,NA
Värnamo,1810,NA
Värnamo,1820,NA
Värnamo,1830,NA
Värnamo,1840,NA
Värnamo,1850,NA
Värnamo,1860,NA
Värnamo,1870,NA
Värnamo,1880,NA
Värnamo,1890,NA
Värnamo,1900,NA
Värnamo,1910,NA
Värnamo,1920,3664
Värnamo,1930,4054
Värnamo,1940,5608
Värnamo,1950,11377
Värnamo,1960,13231
Värnamo,1965,15176
Värnamo,1967,15942
Västervik,1800,2985
Västervik,1810,2861
Västervik,1820,2743
Västervik,1830,3066
Västervik,1840,3550
Västervik,1850,4346
Västervik,1860,5257
Västervik,1870,5127
Västervik,1880,6189
Västervik,1890,6872
Västervik,1900,8299
Västervik,1910,9970
Västervik,1920,11889
Västervik,1930,12611
Västervik,1940,13010
Västervik,1950,15731
Västervik,1960,18193
Västervik,1965,19362
Västervik,1967,22924
Västerås,1800,2824
Västerås,1810,2731
Västerås,1820,3093
Västerås,1830,3337
Västerås,1840,3414
Västerås,1850,3780
Västerås,1860,4541
Västerås,1870,5367
Västerås,1880,6201
Västerås,1890,8122
Västerås,1900,11999
Västerås,1910,19145
Västerås,1920,30633
Västerås,1930,30376
Västerås,1940,38597
Västerås,1950,59877
Västerås,1960,77946
Västerås,1965,89003
Västerås,1967,108694
Växjö,1800,1130
Växjö,1810,1228
Växjö,1820,1522
Växjö,1830,2072
Växjö,1840,2342
Växjö,1850,2665
Växjö,1860,3229
Växjö,1870,3737
Växjö,1880,4935
Växjö,1890,6606
Växjö,1900,7365
Växjö,1910,8311
Växjö,1920,9336
Växjö,1930,9699
Växjö,1940,15609
Växjö,1950,20100
Växjö,1960,24041
Växjö,1965,30363
Växjö,1967,32886
Ystad,1800,2460
Ystad,1810,2608
Ystad,1820,3474
Ystad,1830,3972
Ystad,1840,4155
Ystad,1850,5089
Ystad,1860,5324
Ystad,1870,6191
Ystad,1880,7025
Ystad,1890,8235
Ystad,1900,9862
Ystad,1910,11285
Ystad,1920,11337
Ystad,1930,11358
Ystad,1940,11253
Ystad,1950,12992
Ystad,1960,13711
Ystad,1965,13928
Ystad,1967,14052
Åmål,1800,842
Åmål,1810,843
Åmål,1820,1160
Åmål,1830,1302
Åmål,1840,1450
Åmål,1850,1329
Åmål,1860,1629
Åmål,1870,1687
Åmål,1880,2454
Åmål,1890,2756
Åmål,1900,3351
Åmål,1910,4288
Åmål,1920,5656
Åmål,1930,6765
Åmål,1940,7081
Åmål,1950,8060
Åmål,1960,9205
Åmål,1965,9334
Åmål,1967,9398
Ängelholm,1800,697
Ängelholm,1810,592
Ängelholm,1820,840
Ängelholm,1830,1000
Ängelholm,1840,1074
Ängelholm,1850,1310
Ängelholm,1860,1656
Ängelholm,1870,1815
Ängelholm,1880,2092
Ängelholm,1890,1890
Ängelholm,1900,2784
Ängelholm,1910,3998
Ängelholm,1920,4920
Ängelholm,1930,5271
Ängelholm,1940,6097
Ängelholm,1950,7618
Ängelholm,1960,12583
Ängelholm,1965,13845
Ängelholm,1967,13968
Örebro,1800,3267
Örebro,1810,3013
Örebro,1820,3448
Örebro,1830,4113
Örebro,1840,4227
Örebro,1850,5177
Örebro,1860,7377
Örebro,1870,9100
Örebro,1880,11785
Örebro,1890,14547
Örebro,1900,22013
Örebro,1910,30082
Örebro,1920,36033
Örebro,1930,37522
Örebro,1940,49167
Örebro,1950,66839
Örebro,1960,75434
Örebro,1965,81788
Örebro,1967,87430
Öregrund,1800,681
Öregrund,1810,661
Öregrund,1820,682
Öregrund,1830,583
Öregrund,1840,592
Öregrund,1850,667
Öregrund,1860,679
Öregrund,1870,764
Öregrund,1880,822
Öregrund,1890,945
Öregrund,1900,1014
Öregrund,1910,1158
Öregrund,1920,1214
Öregrund,1930,1201
Öregrund,1940,1266
Öregrund,1950,1274
Öregrund,1960,2155
Öregrund,1965,2026
Öregrund,1967,NA
Örnsköldsvik,1800,NA
Örnsköldsvik,1810,NA
Örnsköldsvik,1820,NA
Örnsköldsvik,1830,NA
Örnsköldsvik,1840,NA
Örnsköldsvik,1850,NA
Örnsköldsvik,1860,NA
Örnsköldsvik,1870,NA
Örnsköldsvik,1880,NA
Örnsköldsvik,1890,NA
Örnsköldsvik,1900,2650
Örnsköldsvik,1910,3663
Örnsköldsvik,1920,4322
Örnsköldsvik,1930,5032
Örnsköldsvik,1940,5592
Örnsköldsvik,1950,7336
Örnsköldsvik,1960,8423
Örnsköldsvik,1965,16018
Örnsköldsvik,1967,16581
Östersund,1800,150
Östersund,1810,221
Östersund,1820,313
Östersund,1830,445
Östersund,1840,459
Östersund,1850,817
Östersund,1860,1496
Östersund,1870,1717
Östersund,1880,2854
Östersund,1890,5333
Östersund,1900,6866
Östersund,1910,8264
Östersund,1920,13405
Östersund,1930,14153
Östersund,1940,16647
Östersund,1950,21365
Östersund,1960,24866
Östersund,1965,25642
Östersund,1967,26620
Östhammar,1800,589
Östhammar,1810,496
Östhammar,1820,498
Östhammar,1830,484
Östhammar,1840,561
Östhammar,1850,618
Östhammar,1860,569
Östhammar,1870,637
Östhammar,1880,661
Östhammar,1890,725
Östhammar,1900,788
Östhammar,1910,828
Östhammar,1920,931
Östhammar,1930,1078
Östhammar,1940,1260
Östhammar,1950,1487
Östhammar,1960,7325
Östhammar,1965,6845
Östhammar,1967,8834
